ether chelate with geometry drives
 22    1
  C    1    2.649000   -0.400000   -0.681000    1    2    9   10   11
  O    2    1.424000    0.000000    0.000000    6    1    3   22
  C    3    1.284000    1.407000    0.000000    1    2    4   12   13
  C    4    0.000000    1.732000    0.722000    2    3    5    8
  C    5   -1.284000    1.407000    0.000000    1    4    6   16   17
  O    6   -1.424000    0.000000    0.000000    6    5    7   22
  C    7   -2.649000   -0.400000   -0.681000    1    6   18   19   20
  C    8    0.000000    2.274000    1.950000    2    4   14   15   21
  H    9    2.734000   -1.505000   -0.659000    5    1
  H   10    3.527000    0.059000   -0.153000    5    1
  H   11    2.588000   -0.054000   -1.739000    5    1
  H   12    2.155000    1.891000    0.504000    5    3
  H   13    1.244000    1.796000   -1.046000    5    3
  H   14    0.950000    2.496000    2.469000    5    8
  H   15   -0.950000    2.496000    2.469000    5    8
  H   16   -2.155000    1.891000    0.504000    5    5
  H   17   -1.244000    1.796000   -1.046000    5    5
  H   18   -3.527000    0.059000   -0.153000    5    7
  H   19   -2.588000   -0.054000   -1.739000    5    7
  H   20   -2.734000   -1.505000   -0.659000    5    7
 Du   21    0.000000    0.000000    0.000000  200    8   22
 Li   22   -0.000000   -1.457000    0.937000  125    2    6    21
  3
  9   C   0
 10   C   0
 11   C   0
D 2
  A   G  -5.0  5.0  5.0  22 21  8
  D   I -20.0 20.0 20.0   2  1
