18-crown-6 only O and H atoms overlay input
 19   1
 O    1    4.11600    5.76300    7.43800    5    8
 O    2    4.17000    3.03600    3.15400    7   13
 O    3    2.98400    3.74400    5.75100    6    9
 H    4    5.70600    7.46400    7.91400   11
 H    5    4.31500    6.93600    8.22800    1
 H    6    2.98800    2.45800    5.13900    6
 H    7    2.90400    2.61500    3.64800    2
 H    8    2.94000    5.03900    7.75200    1
 H    9    3.04200    3.65300    7.16400    3
 O   10    5.75800    5.08600    2.24400   14   17
 O   11    5.70400    7.81300    6.52900    4   16
 O   12    6.89000    7.10500    3.93200   15   18
 H   13    4.16800    3.38500    1.76900    2
 H   14    5.55900    3.91400    1.45400   10
 H   15    6.88600    8.39100    4.54400   12
 H   16    6.97000    8.23400    6.03400   11
 H   17    6.93400    5.81100    1.93000   10
 H   18    6.83200    7.19600    2.51800   12
 Li  19    4.98520    5.54504    4.94289   12
 4 2
 5  C  0  0
 7
18
 9  C  0  0
14
16
 8  C  0  0
13
15
 4  C  0  0
 6
17
