dod uranium catecholate complex
 77    1
  O    1   -1.686920   -0.517181    1.593903    6    2   77
  C    2   -2.491684    0.472992    1.996567    2    1    3    7
  C    3   -3.502975    0.277206    2.938171    2    2    4   49
  C    4   -4.308472    1.355194    3.316666    2    3    5   50
  C    5   -4.109375    2.619644    2.753357    2    4    6   51
  C    6   -3.097412    2.823334    1.808685    2    5    7   33
  C    7   -2.290833    1.738647    1.440262    2    2    6    8
  O    8   -1.305771    1.878387    0.542862    6    7   77
  O    9   -1.162720   -1.852631   -0.890717    6   10   77
  C   10   -1.845184   -1.683441   -2.031250    2    9   11   15
  C   11   -2.550247   -2.741425   -2.620010    2   10   12   37
  C   12   -3.241837   -2.507919   -3.813705    2   11   13   57
  C   13   -3.226990   -1.240509   -4.404587    2   12   14   56
  C   14   -2.526184   -0.189087   -3.806641    2   13   15   55
  C   15   -1.834015   -0.414764   -2.615982    2   10   14   16
  O   16   -1.144974    0.549332   -1.994690    6   15   77
  O   17    1.043106   -1.877319    0.930908    6   18   77
  C   18    1.731964   -1.712585    2.068253    2   17   19   23
  C   19    2.396362   -2.785278    2.677292    2   18   20   41
  C   20    3.096786   -2.555557    3.866700    2   19   21   63
  C   21    3.133560   -1.276627    4.431335    2   20   22   62
  C   22    2.475464   -0.210327    3.811600    2   21   23   61
  C   23    1.769348   -0.433487    2.628738    2   18   22   24
  O   24    1.117279    0.544205    1.988983    6   23   77
  O   25    1.616928   -0.610428   -1.578430    6   26   77
  C   26    2.458664    0.340622   -1.999557    2   25   27   31
  C   27    3.461426    0.088547   -2.936951    2   26   28   67
  C   28    4.308670    1.127136   -3.333923    2   27   29   68
  C   29    4.155289    2.409805   -2.798233    2   28   30   69
  C   30    3.153168    2.669495   -1.856766    2   29   31   45
  C   31    2.303650    1.624313   -1.470840    2   26   30   32
  O   32    1.327682    1.817581   -0.573364    6   31   77
  C   33   -2.956177    4.212769    1.247559    3    6   34   35
  O   34   -3.675491    5.135910    1.656952    7   33
  N   35   -2.037933    4.385971    0.292084    9   33   36   73
  C   36   -1.834915    5.678253   -0.339493    1   35   52   53   54
  C   37   -2.623108   -4.132065   -2.048950    3   11   38   39
  O   38   -3.227081   -5.031815   -2.651230    7   37
  N   39   -2.022324   -4.332077   -0.871918    9   37   40   75
  C   40   -2.053543   -5.627213   -0.214859    1   39   58   59   60
  C   41    2.415955   -4.188263    2.132843    3   19   42   43
  O   42    2.985489   -5.098785    2.752380    7   41
  N   43    1.807663   -4.387680    0.959702    9   41   44   74
  C   44    1.789246   -5.695267    0.327377    1   43   64   65   66
  C   45    3.065552    4.073486   -1.321747    3   30   46   47
  O   46    3.819351    4.960648   -1.748413    7   45
  N   47    2.154953    4.299728   -0.370056    9   45   48   76
  C   48    2.001984    5.610458    0.237152    1   47   70   71   72
  H   49   -3.659302   -0.718400    3.387390    5    3
  H   50   -5.099854    1.209702    4.071182    5    4
  H   51   -4.760406    3.459763    3.048721    5    5
  H   52   -2.796326    6.031998   -0.769241    5   36
  H   53   -1.488724    6.408844    0.422256    5   36
  H   54   -1.089859    5.574432   -1.156845    5   36
  H   55   -2.512482    0.808823   -4.277298    5   14
  H   56   -3.763916   -1.071777   -5.353348    5   13
  H   57   -3.810165   -3.326447   -4.286819    5   12
  H   58   -1.560272   -5.547577    0.777145    5   40
  H   59   -3.109665   -5.939865   -0.069565    5   40
  H   60   -1.502670   -6.366577   -0.834366    5   40
  H   61    2.506073    0.797760    4.259216    5   22
  H   62    3.677414   -1.110184    5.376526    5   21
  H   63    3.631210   -3.386673    4.357162    5   20
  H   64    2.832153   -6.055664    0.198807    5   44
  H   65    1.237320   -6.408844    0.975632    5   44
  H   66    1.309189   -5.613556   -0.670959    5   44
  H   67    3.578430   -0.920258   -3.368439    5   27
  H   68    5.097137    0.935974   -4.081329    5   28
  H   69    4.834656    3.219879   -3.112915    5   29
  H   70    1.246384    5.552902    1.049377    5   48
  H   71    1.652664    6.332565   -0.531265    5   48
  H   72    2.973984    5.930527    0.669449    5   48
  H   73   -1.462158    3.569200   -0.009613   28   35
  H   74    1.344177   -3.580521    0.487000   28   43
  H   75   -1.528275   -3.534363   -0.414581   28   39
  H   76    1.548309    3.511505   -0.053375   28   47
  U   77   -0.024414   -0.008500    0.002457  125    1    8    9   16   17   24   25   32
  8
 53   C   0
 70   C   0
 53   C   0 
 71   C   0
 54   C   0
 70   C   0
 54   C   0
 71   C   0
D  2
 D I -20. 20. 10. 48 47
 D I -20. 20. 10. 36 35











