77:RMSD=1.591,nrot=2,E=_2.240_methane______________________________(______ 2)
 35	1
  O    1    1.29904  -2.34219   0.19879   6   2   5  16
  C    2    1.27914  -1.04098   0.76971   1   1   3   4  17
  H    3    2.16627  -0.49895   0.36336   5   2
  H    4    1.20627  -1.17681   1.87443   5   2
  C    5    2.40985  -3.16747   0.52167   1   1   6   7   8
  C    6    2.09568  -4.67298   0.48330   1   5   9  10  11
  H    7    3.25063  -2.94588  -0.17559   5   5
  H    8    2.77009  -2.89991   1.54236   5   5
  H    9    2.98131  -5.23622   0.85959   5   6
  H   10    1.26042  -4.89599   1.18684   5   6
  O   11    1.76397  -5.15610  -0.81123   6   6  12  16
  C   12    2.07110  -6.52559  -1.03405   1  11  13  14  15
  H   13    1.44633  -7.11448  -0.32074   5  12
  H   14    3.18025  -6.62073  -0.96429   5  12
  H   15    1.75138  -6.76032  -2.07594   5  12
  Li  16    0.79123  -3.89956  -2.41821 301   1  11
  C   17    0.00022  -0.35661   0.26443   1  18  19   2  21
  H   18   -0.00128  -0.35423  -0.85041   5  17
  H   19    0.00106   0.71084   0.58598   5  17
  O   20   -1.30005  -2.34137   0.20298   6  21  24  35
  C   21   -1.27790  -1.03989   0.77320   1  20  22  23  17
  H   22   -2.16567  -0.49748   0.36876   5  21
  H   23   -1.20240  -1.17522   1.87780   5  21
  C   24   -2.41060  -3.16577   0.52900   1  20  25  26  27
  C   25   -2.09751  -4.67150   0.49061   1  24  28  29  30
  H   26   -3.25295  -2.94397  -0.16630   5  24
  H   27   -2.76815  -2.89746   1.55044   5  24
  H   28   -2.98258  -5.23397   0.86935   5  25
  H   29   -1.26066  -4.89470   1.19221   5  25
  O   30   -1.76930  -5.15548  -0.80449   6  25  31  35
  C   31   -2.06902  -6.52292  -1.04896   1  30  32  33  34
  H   32   -1.44269  -7.11954  -0.34349   5  31
  H   33   -3.17781  -6.62472  -0.98297   5  31
  H   34   -1.74603  -6.73999  -2.09366   5  31
  Li  35   -0.79970  -3.90038  -2.41449 301  20  30
