986:RMSD=5.527,nrot=2,E=_2.240_methane______________________________(______ 2)
 35	1
  O    1    1.68814  -2.00065  -0.59955   6   2   5  16
  C    2    0.57887  -1.29548  -1.13970   1   1  17   3   4
  H    3    0.94623  -0.77167  -2.05339   5   2
  H    4   -0.17350  -2.06199  -1.43842   5   2
  C    5    2.78120  -1.21947  -0.13670   1   1   6   7   8
  C    6    4.13623  -1.94423  -0.20987   1   5   9  10  11
  H    7    2.58830  -0.89823   0.91296   5   5
  H    8    2.83760  -0.28664  -0.74481   5   5
  H    9    4.94500  -1.22547   0.05931   5   6
  H   10    4.33307  -2.25814  -1.26109   5   6
  O   11    4.22775  -3.07535   0.64537   6   6  12  16
  C   12    5.54256  -3.38514   1.08671   1  11  13  14  15
  H   13    6.13375  -3.64424   0.17605   5  12
  H   14    5.88348  -2.52358   1.70769   5  12
  H   15    5.45866  -4.28872   1.73429   5  12
  Li  16    2.45926  -4.34055   1.26117 301   1  11
  C   17   -0.00005  -0.44395   0.00006   1  18  19   2  21
  H   18   -0.79709   0.22203  -0.40500   5  17
  H   19    0.79714   0.22193   0.40495   5  17
  O   20   -1.68831  -2.00047   0.59992   6  21  24  35
  C   21   -0.57923  -1.29499   1.14005   1  20  17  22  23
  H   22   -0.94687  -0.77078   2.05339   5  21
  H   23    0.17311  -2.06132   1.43932   5  21
  C   24   -2.78129  -1.21957   0.13642   1  20  25  26  27
  C   25   -4.13630  -1.94436   0.20955   1  24  28  29  30
  H   26   -2.58813  -0.89879  -0.91333   5  24
  H   27   -2.83790  -0.28645   0.74409   5  24
  H   28   -4.94503  -1.22578  -0.06018   5  25
  H   29   -4.33341  -2.25781   1.26087   5  25
  O   30   -4.22752  -3.07588  -0.64519   6  25  31  35
  C   31   -5.54219  -3.38595  -1.08675   1  30  32  33  34
  H   32   -6.13361  -3.64467  -0.17613   5  31
  H   33   -5.88300  -2.52469  -1.70821   5  31
  H   34   -5.45807  -4.28982  -1.73389   5  31
  Li  35   -2.45879  -4.34126  -1.25993 301  20  30
