drive C-O-C angles fom 111 degrees to 114 degrees
 17    1
  O    1    1.51277  -1.41429   0.01157   6   2   6  17
  C    2    2.89105  -1.09405   0.14302   1   1   3   4   5
  H    3    3.06808  -0.87665   1.22344   5   2
  H    4    3.10481  -0.28793  -0.59768   5   2
  H    5    3.46116  -2.00889  -0.14136   5   2
  C    6    0.67964  -0.31724   0.36031   1   7   8   9   1
  C    7   -0.67959  -0.31726  -0.36026   1   6  10  11  12
  H    8    0.51534  -0.31303   1.46266   5   6
  H    9    1.21571   0.63029   0.11952   5   6
  H   10   -1.21575   0.63024  -0.11954   5   7
  H   11   -0.51536  -0.31300  -1.46270   5   7
  O   12   -1.51277  -1.41428  -0.01154   6   7  13  17
  C   13   -2.89103  -1.09400  -0.14303   1  12  14  15  16
  H   14   -3.06803  -0.87660  -1.22347   5  13
  H   15   -3.10479  -0.28788   0.59765   5  13
  H   16   -3.46118  -2.00883   0.14133   5  13
  Li  17   -0.73608  -3.43442   0.63906 301   1  12
3
3 C 0
4 C 0
5 C 0
D  2
 A I 0. 5. 1.  13 12 7
 A I 0. 5. 1.  2  1  6
