run 2 host input (drive 3 degrees)
 9 1
  O    1    0.00000   0.00000   0.00000   6   2   4   9
  H    2    0.00000  -0.00000   1.42108   5   1
  C    3    1.27119   0.89312  -1.86085   2   4   5   7
  C    4    1.10264   0.55852  -0.57210   2   1   3   6
  H    5    2.23777   1.33925  -2.15290   5   3
  H    6    1.94033   0.74872   0.12122   5   4
  O    7    0.37634   0.74716  -2.87722   6   3   8   9
  H    8    0.71927   1.42761  -4.07676   5   7
  Li   9   -1.63874  -0.64422  -1.94192 301   1   7
1
2 C 0
