Drive 1 - Larger host
12    1
  O    1    0.00000   0.00000   0.00000   6   2   7  12
  C    2    0.00000  -0.00000   1.42108   1   1   3   4   5
  H    3    0.00000   1.06917   1.74171   5   2
  H    4    0.85149  -0.64529   1.74156   5   2
  H    5   -0.95625  -0.47510   1.74155   5   2
  C    6    1.27119   0.89312  -1.86085   2   7   8  10
  C    7    1.10264   0.55852  -0.57210   2   1   6   9
  H    8    2.23777   1.33925  -2.15290   5   6
  H    9    1.94033   0.74872   0.12122   5   7
  O   10    0.37634   0.74716  -2.87722   6   6  11  12
  H   11    0.71927   1.42761  -4.07676   5  10
  Li  12   -1.63874  -0.64422  -1.94192 301   1  10
1
11 C 0
