8:RMSD=0.069,nrot=3,E=_1.709_ethane_______________________________(_____565)
 31    1
  O    1    1.06746   2.12325   1.59878   5  15
  O    2    1.28922  -0.87344  -2.49545   7  21
  O    3    0.00000   0.00000   0.00000   6  14
  H    4    2.64116   3.85132   2.02925   9
  H    5    1.23711   3.34459   2.31931   1
  H    6    0.02561  -1.32267  -0.52748   6
  H    7    0.00299  -1.26182  -2.02767   2
  O    8    2.91844   1.11384  -3.46946  20  11
  O    9    2.69665   4.11059   0.62578   4  26
  O   10    3.98586   3.23715  -1.86968  27  12
  H   11    4.10819   1.81716  -3.78097   8
  H   12    3.98590   3.23708  -3.28779  10
  Li  13    2.03727   1.74538  -0.83951  10
  C   14   -0.03490  -0.00675   1.38620  15  16  17   3
  C   15   -0.08452   1.42919   1.93603  14  18  19   1
  H   16    0.86013  -0.53007   1.79515  14
  H   17   -0.92362  -0.56706   1.75959  14
  H   18   -0.21502   1.38768   3.04257  15
  H   19   -0.98415   1.94991   1.53371  15
  C   20    2.74491  -0.05621  -4.17450  21  22  23   8
  C   21    1.35631  -0.63156  -3.84667  20  24  25   2
  H   22    3.52958  -0.79341  -3.88639  20
  H   23    2.82922   0.07622  -5.27838  20
  H   24    1.18618  -1.54080  -4.46917  21
  H   25    0.57114   0.10217  -4.14250  21
  C   26    3.93630   4.55136   0.17421  27  28  29   9
  C   27    4.02670   4.53263  -1.36143  26  30  31  10
  H   28    4.76055   3.93517   0.60209  26
  H   29    4.10511   5.59347   0.53295  26
  H   30    4.98254   5.01501  -1.67264  27
  H   31    3.20744   5.15567  -1.78919  27
  2 2
  4  C  0  0
  6
 11
  5  C  0  0
  7
 12
