Urea bound once to each of two oxygen on one nitrate
 20    4
  O    1    2.894867   -0.591461   -0.060608    7    2
  C    2    1.753800   -0.096222    0.054169    3    1    3    4
  N    3    1.392258    1.095367   -0.533417    9    2    5    7
  N    4    0.750702   -0.685272    0.789597    9    2    6    8
  C    5    2.408127    1.764771   -1.322357    1    3    9   10   11
  C    6    1.068314   -1.938293    1.446274    1    4   12   13   14
  H    7    0.436707    1.515762   -0.428955   28    3   17
  H    8   -0.197830   -0.251938    0.883500   28    4   18
  H    9    2.747040    1.123947   -2.168732    5    5
  H   10    3.299408    2.014587   -0.701935    5    5
  H   11    2.017929    2.716080   -1.752838    5    5
  H   12    1.907379   -1.812378    2.168732    5    6
  H   13    1.366043   -2.716080    0.705917    5    6
  H   14    0.189987   -2.327576    2.011612    5    6
 Du   15   -1.568054    1.422180    0.382584  200   16   17   18
 Du   16   -0.958725    2.391830    2.022232  200   15
  O   17   -1.258820    2.274567   -0.251541   32    7   15   19
  O   18   -1.877289    0.569672    1.016739   32    8   15   19
  N   19   -2.154724    1.681549    0.445862   88   17   18   20
  O   20   -3.299423    2.181061    0.559998   32   19
3
 9 C 0
10 C 0
11 C 0
D  2
 A G -10. 10. 10. 19 15 16
 D I -20. 20. 20. 3 5  
