Urea bound twice to the same oxygen on nitrate
 20    4
  O    1    0.001053    3.265213   -0.538086    7    2
  C    2    0.000793    2.017319   -0.549347    3    1    3    4
  N    3   -1.154510    1.266266   -0.549362    9    2    5    7
  N    4    1.154495    1.266251   -0.549362    9    2    6    8
  C    5   -2.409515    1.992477   -0.549300    1    3    9   10   11
  C    6    2.409927    1.991867   -0.537003    1    4   12   13   14
  H    7   -1.126343    0.225250   -0.549300   28    3   18
  H    8    1.124603    0.224350   -0.549255   28    4   18
  H    9   -2.498566    2.641495   -1.450775    5    5
  H   10   -2.498474    2.641769    0.351974    5    5
  H   11   -3.276871    1.292145   -0.549088    5    5
  H   12    2.494431    2.633698    0.370041    5    6
  H   13    2.503693    2.648285   -1.432587    5    6
  H   14    3.276871    1.291107   -0.538330    5    6
 Du   15   -0.003342   -1.339798    1.450775  200   18
 Du   16    1.986038   -1.329605   -0.549225  200   18
  O   17   -1.073486   -3.265213   -0.540695   32   19
  O   18   -0.002075   -1.340591   -0.549225   32    7    8   15   16   19
  N   19    0.017761   -2.638550   -0.550934   88   17   18   20
  O   20    1.127090   -3.233658   -0.551697   32   19
3
9  C 0  1
10 C 0  1
11 C 0  1
D  3
 A G -10. 10. 10. 15 18 19 
 A G -10. 10. 10. 16 18 19 
 D I -20. 20. 20. 3 5 
