45:RMSD=2.788,nrot=3,E=_3.239_ethane_______________________________(_____565)
 31    1
  O    1    3.59164  -3.58592  -0.41001   6   2   6  16
  C    2    4.80774  -4.32068  -0.43675   1   1   3   4   5
  H    3    5.50869  -3.75662  -1.09737   5   2
  H    4    5.10501  -4.48714   0.62536   5   2
  H    5    4.57745  -5.30452  -0.90777   5   2
  C    6    3.76474  -2.29810   0.16514   1   1   7   8   9
  C    7    2.49645  -1.74307   0.83604   1   6  10  11  12
  H    8    4.11171  -1.58613  -0.61903   5   6
  H    9    4.58036  -2.35124   0.92349   5   6
  H   10    2.75106  -0.79093   1.35735   5   7
  H   11    2.15418  -2.45101   1.62600   5   7
  O   12    1.43028  -1.49605  -0.07033   6   7  14  13
  Li  13    0.07100  -5.03400  -1.21400 301   1  12
  C   14    0.57599  -0.45753   0.38893   1  15  16  17  12
  C   15   -0.59561  -0.15303  -0.56046   1  14  18  19  31
  H   16    0.17850  -0.72329   1.39568   5  14
  H   17    1.18042   0.46946   0.52511   5  14
  H   18   -1.14141   0.74349  -0.18425   5  15
  H   19   -0.19789   0.12092  -1.56501   5  15
  O   20   -3.67289  -3.31235  -0.29915   6  21  25  35
  C   21   -4.85409  -4.02953   0.03238   1  20  22  23  24
  H   22   -5.69316  -3.53493  -0.51282   5  21
  H   23   -4.90212  -4.07064   1.14601   5  21
  H   24   -4.72315  -5.06334  -0.36377   5  21
  C   25   -3.72859  -1.96549   0.15041   1  20  26  27  28
  C   26   -2.34902  -1.35452   0.45081   1  25  29  30  31
  H   27   -4.25259  -1.34256  -0.61089   5  25
  H   28   -4.35152  -1.92171   1.07410   5  25
  H   29   -2.49190  -0.34619   0.90470   5  26
  H   30   -1.82834  -1.97274   1.21831   5  26
  O   31   -1.51788  -1.22572  -0.69457   6  26  15
  1
  3 C 0
  4 C 0
  5 C 0
