drive host
 15    1
  O    1    1.49819  -1.56409  -0.14448   6   2   7   15
  C    2    2.84417  -1.22743   0.16288   1   1   3   4   5
  H    3    2.85712  -0.89996   1.22990   5   2
  H    4    3.17827  -0.50067  -0.61451   5   2
  H    5    3.43963  -2.16465   0.06353   5   2
  C    6   -0.67105  -0.48667  -0.04497   2   7   8  10
  C    7    0.67106  -0.48660  -0.04492   2   6   9   1
  H    8   -1.18415   0.48660   0.04495   5   6
  H    9    1.18414   0.48667   0.04494   5   7
  O   10   -1.49818  -1.56417  -0.14445   6   6  11  15
  C   11   -2.84418  -1.22745   0.16281   1  10  12  13  14
  H   12   -2.85718  -0.89986   1.22978   5  11
  H   13   -3.17822  -0.50078  -0.61469   5  11
  H   14   -3.43964  -2.16468   0.06354   5  11
  Li  15    0.00001  -3.64296  -0.69700 301   1  10
2
12 C 0
13 C 0
D  2
 A I -5. 5. 1. 11 10  6
 A I -5. 5. 1.  2  1  7
