Untitled
 35 5
 O         1    -1.867663     4.833422    -3.486178      7   2 
 C         2    -1.485477     3.726039    -3.138141      3   1   3   4 
 N         3    -2.313363     2.670339    -3.000079      9   2  19  20 
 N         4    -0.190342     3.434821    -2.899651      9   2  21  22 
 O         5    -4.249281    -3.339239     0.977981      7   6 
 C         6    -3.367223    -2.731742     0.389271      3   5   7   8 
 N         7    -2.053566    -2.959154     0.592899      9   6  23  24 
 N         8    -3.616971    -1.803201    -0.556453      9   6  25  26 
 O         9     4.785501    -0.085985     1.405401      7  10 
 C        10     3.771706    -0.161067     0.727023      3   9  11  12 
 N        11     3.451453     0.742112    -0.222043      9  10  27  28 
 N        12     2.891924    -1.178326     0.826891      9  10  29  30 
 Du       13    -1.019698     2.320334    -2.283366     99  20  18  22 
 Du       14     2.193027    -0.055155     0.078722     99  28  16  30 
 Du       15    -2.169621    -1.626083    -0.127681     99  24  17  26 
 Du       16     1.952133     0.693735     1.321240     99  14 
 Du       17    -2.565265    -0.932886     1.107544     99  15 
 Du       18    -1.374449     3.153422    -1.124542     99  13 
 H        19    -3.295518     2.901697    -3.004606     28   3 
 H        20    -2.053123     1.948204    -2.332182     28   3  13 
 H        21     0.416136     4.238307    -2.829033     28   4 
 H        22     0.013699     2.692423    -2.234551     28   4  13 
 H        23    -1.843736    -3.517127     1.407211     28   7 
 H        24    -1.408657    -2.188780     0.431791     28   7  15 
 H        25    -4.577059    -1.496074    -0.602350     28   8 
 H        26    -2.930633    -1.063433    -0.687181     28   8  15 
 H        27     3.996276     1.591097    -0.196826     28  11 
 H        28     2.465415     0.879602    -0.431890     28  11  14 
 H        29     3.017863    -1.766437     1.637220     28  12 
 H        30     1.920614    -0.989934     0.589303     28  12  14 
 Cl       31    -0.555863     0.726685     0.043519     77  32  33  34  35 
 O        32    -0.881252     1.473446     1.237070     32  31 
 O        33    -1.729591     0.608995    -0.798054     32  31 
 O        34    -0.095407    -0.599341     0.403410     32  31 
 O        35     0.489472     1.408059    -0.693062     32  31 
 2 2
  29  C  0   0
  25
  21
  23  C  0   0
  19
  27
D 6
A  I   -20.000000  20.000000 5.000000 16 14 10
+  I   -20.000000  20.000000 5.000000 17 15 6
+  I   -20.000000  20.000000 5.000000 18 13 2
B  I   -0.200000  0.200000 0.050000 31 14
+  I   -0.200000  0.200000 0.050000 31 15
+  I   -0.200000  0.200000 0.050000 31 13
