39:RMSD=0.107,nrot=3,E=_1.709_ethane_______________________________(_____565)
 35    1
  O    1   -1.37391  -1.44945   0.00000  31  13
  O    2   -1.94916  -6.39814   0.98571   5  19
  O    3   -2.97110  -3.82696  -0.01276   4  12
  H    4   -3.72351  -4.84939   0.63289   4
  H    5   -3.15876  -6.19145   0.26585   2
  O    6    0.79898  -6.39307   0.98555   9  18
  O    7    1.37391  -1.44344  -0.00000  30  24
  O    8    2.39584  -4.01462   0.99846  10  25
  H    9    2.12324  -6.33257   1.48545   6
  H   10    2.90080  -5.30591   0.70076   8
  Li  11   -0.20369  -3.77984   0.47797   8
  C   12   -3.49029  -2.56914   0.25400   3  13  14  15
  C   13   -2.67825  -1.48095  -0.46928   1  12  16  17
  H   14   -3.48335  -2.37019   1.35061  12
  H   15   -4.55482  -2.50057  -0.07043  12
  H   16   -3.17962  -0.49649  -0.31876  13
  H   17   -2.69215  -1.67515  -1.56674  13
  C   18    0.10199  -7.52373   1.34890   6  19  20  21
  C   19   -1.25351  -7.52602   0.62137   2  18  22  23
  H   20   -0.06796  -7.52778   2.45039  18
  H   21    0.64072  -8.47056   1.11123  18
  H   22   -1.78948  -8.47424   0.85969  19
  H   23   -1.08361  -7.53045  -0.48022  19
  C   24    2.58796  -1.61601   0.65667   7  25  26  27
  C   25    3.17485  -3.01779   0.41732   8  24  28  29
  H   26    2.47911  -1.44125   1.75201  24
  H   27    3.31305  -0.85344   0.28798  24
  H   28    4.20074  -3.05864   0.85213  25
  H   29    3.29157  -3.18939  -0.67779  25
  C   30    0.67830  -0.31576   0.36412  31  32  33   7
  C   31   -0.67710  -0.31874  -0.36363  30  34  35   1
  H   32    0.50817  -0.31108   1.46558  30
  H   33    1.21392   0.63258   0.12550  30
  H   34   -1.21624   0.62795  -0.12640  31
  H   35   -0.50705  -0.31495  -1.46518  31
  4
  4  C  0  0
  5  C  0  0
  9  C  0  0
 10  C  0  0
