Untitled
 99 3
 O         1     0.802297    -7.146684     2.068761      6   2  98 
 C         2    -0.530812    -7.152131     2.375420      2   1   3   7 
 C         3    -1.091201    -8.281222     2.952611      2   2   4  67 
 C         4    -2.401439    -8.073069     3.339420      2   3   5  74 
 C         5    -3.160447    -6.940450     3.113647      2   4   6  75 
 C         6    -2.517335    -5.811958     2.509291      2   5   7   9 
 C         7    -1.202754    -5.918329     2.139865      2   2   6   8 
 O         8    -0.522515    -4.976605     1.602496      6   7  98 
 C         9    -3.258904    -4.504663     2.237494      3   6  10  11 
 N        10    -2.674476    -3.551631     1.608529      9   9  68  76 
 O        11    -4.454709    -4.425236     2.684343      7   9 
 O        12     2.400929    -4.793267     2.779369      6  13  98 
 C        13     2.619137    -3.442986     2.773590      2  12  14  18 
 C        14     3.234695    -2.849249     3.864484      2  13  15  69 
 C        15     3.519547    -1.515666     3.640180      2  14  16  77 
 C        16     3.166977    -0.769749     2.531530      2  15  17  78 
 C        17     2.529955    -1.448050     1.442129      2  16  18  22 
 C        18     2.255753    -2.784359     1.563884      2  13  17  19 
 O        19     1.700454    -3.495787     0.656057      6  18  98 
 O        20    -1.516150     6.803712    -2.677407      6  21  99 
 C        21    -1.217407     6.318165    -3.920868      2  20  33  40 
 C        22     2.120538    -0.722060     0.162460      3  17  23  24 
 N        23     1.442461    -1.335742    -0.737082      9  22  70  80 
 O        24     2.506994     0.491716     0.048174      7  22 
 O        25     3.051091    -6.334627     0.370988      6  26  98 
 C        26     2.966674    -6.548903    -0.977499      2  25  27  31 
 C        27     4.052080    -7.089331    -1.649253      2  26  28  72 
 C        28     3.755625    -7.384563    -2.966320      2  27  29  81 
 C        29     2.577415    -7.103662    -3.631842      2  28  30  82 
 C        30     1.497943    -6.541849    -2.875916      2  29  31  35 
 C        31     1.693309    -6.264096    -1.548964      2  26  30  32 
 O        32     0.802251    -5.771935    -0.772811      6  31  98 
 C        33    -1.215793     7.181251    -5.005554      2  21  34  71 
 C        34    -0.747573     6.573156    -6.154788      2  33  38  85 
 C        35     0.147251    -6.215435    -3.509165      3  30  36  37 
 N        36    -0.760887    -5.625531    -2.821486      9  35  73  83 
 O        37    -0.013818    -6.578978    -4.725126      7  35 
 C        38    -0.406945     5.242420    -6.306322      2  34  39  86 
 C        39    -0.434763     4.406668    -5.143114      2  38  40  42 
 C        40    -0.840422     4.944801    -3.950723      2  21  39  41 
 O        41    -0.896300     4.299958    -2.846231      6  40  99 
 C        42    -0.054633     2.928405    -5.196795      3  39  43  44 
 N        43    -0.184157     2.192099    -4.154339      9  42  87  88 
 O        44     0.404607     2.498895    -6.310408      7  42 
 O        45     0.166801     6.005976    -0.412308      6  46  99 
 C        46     0.781501     5.050897     0.349760      2  45  47  51 
 C        47     2.009450     5.330009     0.929160      2  46  48  79 
 C        48     2.421198     4.327165     1.786444      2  47  49  89 
 C        49     1.791406     3.116959     2.006510      2  48  50  90 
 C        50     0.526270     2.894526     1.372153      2  49  51  53 
 C        51     0.022179     3.861444     0.543405      2  46  50  52 
 O        52    -1.099394     3.778770    -0.068487      6  51  99 
 C        53    -0.263134     1.601715     1.567209      3  50  54  55 
 N        54    -1.329191     1.389362     0.886025      9  53  91  92 
 O        55     0.188453     0.785722     2.442454      7  53 
 O        56    -2.695213     6.501669    -0.009479      6  57  99 
 C        57    -3.987670     6.064848     0.091754      2  56  58  62 
 C        58    -4.857058     6.708780     0.958423      2  57  59  84 
 C        59    -6.154267     6.249862     0.831635      2  58  60  93 
 C        60    -6.588104     5.205364     0.037536      2  59  61  94 
 C        61    -5.634416     4.582807    -0.831349      2  60  62  64 
 C        62    -4.334080     5.012496    -0.803462      2  57  61  63 
 O        63    -3.398890     4.540137    -1.538823      6  62  99 
 C        64    -6.014725     3.436117    -1.765439      3  61  65  66 
 N        65    -5.112234     2.842489    -2.457475      9  64  95  96 
 O        66    -7.256958     3.135676    -1.821180      7  64 
 H        67    -0.551993    -9.229180     3.096206      5   3 
 H        68    -3.153189    -2.674138     1.451141     28  10 
 H        69     3.478357    -3.380680     4.796242      5  14 
 H        70     1.193503    -0.866485    -1.598550     28  23 
 H        71    -1.538997     8.231455    -4.954792      5  33 
 H        72     5.032258    -7.272430    -1.184821      5  27 
 H        73    -1.666720    -5.433165    -3.229407     28  36 
 H        74    -2.822524    -8.782674     3.802947      5   4 
 H        75    -4.079947    -6.918058     3.345418      5   5 
 H        76    -1.783366    -3.675132     1.298736     28  10 
 H        77     4.002031    -1.066816     4.319672      5  15 
 H        78     3.335759     0.163030     2.500107      5  16 
 H        79     2.584081     6.248174     0.737594      5  47 
 H        80     1.182874    -2.238992    -0.589790     28  23 
 H        81     4.432787    -7.819854    -3.464255      5  28 
 H        82     2.493001    -7.271521    -4.561571      5  29 
 H        83    -0.576732    -5.378192    -1.921366     28  36 
 H        84    -4.551770     7.500961     1.657898      5  58 
 H        85    -0.655740     7.125818    -6.917624      5  34 
 H        86    -0.170797     4.895475    -7.157002      5  38 
 H        87     0.092975     1.219118    -4.178386     28  43 
 H        88    -0.535583     2.572011    -3.355907     28  43 
 H        89     3.220302     4.485314     2.268361      5  48 
 H        90     2.191265     2.453960     2.554487      5  49 
 H        91    -1.870111     0.546675     1.032906     28  54 
 H        92    -1.610777     2.035713     0.247443     28  54 
 H        93    -6.811974     6.695201     1.346571      5  59 
 H        94    -7.488001     4.907680     0.075701      5  60 
 H        95    -5.364671     2.101192    -3.098317     28  65 
 H        96    -4.204100     3.111957    -2.367983     28  65 
 H        97    -2.914405    -1.385211    -2.622299      1  98  99 
 Fe       98     1.382942    -5.437522     1.134128    264   1   8  97  12  19  25  32 
 Fe       99    -1.566777     5.347460    -1.260129    264  97  20  41  45  52  56  63 
 2
  91  C  0   0
  70  C  0   0
D 4
B  I   0.000000  1.000000 0.050000 97 99
+  I   0.000000  1.000000 0.050000 97 98
D  I   0.00000  120.000000 3.000000 99 97
+  I   0.00000  120.000000 3.000000 98 97
