Lithium dimethylether, M-O = 2.26 angstroms
 10    1
  O    1    0.082458    0.416504   -0.090805    6    2    3   10
  C    2    1.260681   -0.378311   -0.082245    1    1    7    8    9
  C    3   -1.093475   -0.381363   -0.082260    1    1    4    5    6
  H    4   -1.087540   -0.950897    0.877700    5    3
  H    5   -1.095856   -0.958862   -1.036530    5    3
  H    6   -1.958176    0.322281   -0.081558    5    3
  H    7    1.267883   -0.951111   -1.039139    5    2
  H    8    1.253342   -0.952240    0.874771    5    2
  H    9    2.123367    0.327866   -0.075409    5    2
 Li   10    0.082413    2.676468   -0.082947  301    1
 3
  5   C  0
  6   C  0
  4   C  0
