3:RMSD=0.069,nrot=3,E=_1.709_ethane_______________________________(_____565)
 39    1
  O    1   -1.45586  -6.05264  -0.57753  11  29
  O    2    2.96866  -3.68896   0.21539   5  17
  O    3    1.40835  -6.05314  -0.57731   4  10
  H    4    2.67361  -6.04805   0.07643   4
  H    5    3.47465  -4.86930  -0.39685   2
  O    6    1.43241  -1.42052   0.00000  34  16
  O    7   -2.99272  -3.78496  -0.79269  22  28
  O    8   -1.43241  -1.42080  -0.00000  35  23
  Li   9   -0.17577  -3.74725  -0.30340   8
  C   10    0.65238  -7.15657  -0.21155   3  11  12  13
  C   11   -0.70044  -7.15605  -0.94406   1  10  14  15
  H   12    0.47839  -7.16109   0.88931  10
  H   13    1.19038  -8.10413  -0.44792  10
  H   14   -1.23889  -8.10352  -0.70837  11
  H   15   -0.52652  -7.15999  -2.04500  11
  C   16    2.75797  -1.33527   0.36307   6  17  18  19
  C   17    3.51883  -2.52080  -0.25524   2  16  20  21
  H   18    2.85111  -1.37278   1.47307  16
  H   19    3.24475  -0.38579   0.03943  16
  H   20    4.60374  -2.41524  -0.02069  17
  H   21    3.43276  -2.47863  -1.36574  17
  C   22   -3.52923  -2.62568  -0.24212   7  23  24  25
  C   23   -2.69161  -1.38383  -0.59269   8  22  26  27
  H   24   -3.61858  -2.71258   0.86541  22
  H   25   -4.56486  -2.48373  -0.63009  22
  H   26   -3.23158  -0.47351  -0.24207  23
  H   27   -2.60928  -1.29216  -1.70046  23
  C   28   -3.54274  -4.95301  -0.32230   7  29  30  31
  C   29   -2.78137  -6.13809  -0.94086   1  28  32  33
  H   30   -3.45676  -4.99551   0.78810  28
  H   31   -4.62755  -5.05894  -0.55712  28
  H   32   -3.26780  -7.08787  -0.61764  29
  H   33   -2.87434  -6.10036  -2.05094  29
  C   34    0.67654  -0.31717   0.36615  35  36  37   6
  C   35   -0.67644  -0.31733  -0.36609  34  38  39   8
  H   36    0.50277  -0.31294   1.46704  34
  H   37    1.21459   0.63040   0.12996  34
  H   38   -1.21473   0.63013  -0.13001  35
  H   39   -0.50273  -0.31308  -1.46707  35
  2
   4  C  0  0
   5  C  0  0
D 4
B I -0.300000  0.300000 0.10000 2 17
B I -0.300000  0.300000 0.10000 3 10
A I -10. 10. 5. 17 2 5
A I -10. 10. 5. 10 3 4
