overlay input for a lithium complex
 43    1
  C    1    2.395416   -0.164734    3.161545    1    2   25   26   27
  O    2    2.057663   -0.361847    1.791534    6    1    3   43
  C    3    3.113632   -0.974075    1.057251    1    2    4   21   22
  C    4    2.674850   -1.130783   -0.377457    2    3    5    6
  C    5    2.343353   -2.327927   -0.887054    2    4   19   20
  C    6    2.600372    0.129227   -1.203751    1    4    7   23   24
  O    7    1.459473    0.875443   -0.790359    6    6    8   43
  C    8    1.289703    2.077225   -1.536667    1    7    9   28   29
  C    9    0.024597    2.754669   -1.072205    2    8   10   11
  C   10    0.052734    3.879349   -0.339691    2    9   30   31
  C   11   -1.273315    2.088425   -1.455261    1    9   12   32   33
  O   12   -1.405731    0.887848   -0.699341    6   11   13   43
  C   13   -2.576996    0.151703   -1.039261    1   12   14   34   35
  C   14   -2.609787   -1.107895   -0.209488    2   13   15   18
  C   15   -2.955215   -0.947784    1.250076    1   14   16   38   39
  O   16   -1.849487   -0.344940    1.915680    6   15   17   43
  C   17   -2.097855   -0.145264    3.304306    1   16   40   41   42
  C   18   -2.321700   -2.307693   -0.738785    2   14   36   37
  H   19    2.381836   -3.239563   -0.269714    5    5
  H   20    2.005920   -2.416809   -1.931976    5    5
  H   21    3.357880   -1.967026    1.506943    5    3
  H   22    4.036606   -0.347290    1.108414    5    3
  H   23    2.515915   -0.117081   -2.289993    5    6
  H   24    3.529556    0.733978   -1.068512    5    6
  H   25    2.598343   -1.175278    3.590515    5    1
  H   26    3.282593    0.506653    3.254745    5    1
  H   27    1.540451    0.310806    3.683853    5    1
  H   28    2.175644    2.740814   -1.385712    5    8
  H   29    1.221237    1.851593   -2.628250    5    8
  H   30    1.013367    4.339005   -0.057587    5   10
  H   31   -0.877869    4.355515    0.008057    5   10
  H   32   -1.276215    1.862427   -2.548920    5   11
  H   33   -2.142075    2.759552   -1.248566    5   11
  H   34   -3.490479    0.764420   -0.845444    5   13
  H   35   -2.563843   -0.095000   -2.128571    5   13
  H   36   -2.052017   -2.399185   -1.803040    5   18
  H   37   -2.328812   -3.219162   -0.120041    5   18
  H   38   -3.179000   -1.938705    1.714706    5   15
  H   39   -3.867584   -0.313004    1.359558    5   15
  H   40   -2.971558    0.533722    3.453506    5   17
  H   41   -2.281906   -1.154129    3.745605    5   17
  H   42   -1.207397    0.322693    3.771118    5   17
 Li   43    0.075745    0.235489    0.882080  125    2    7   12   16
  4
 25   C   0
 41   C   0
 27   C   0
 42   C   0
